0012 3A MYR 0.930 -0.005 55000 0.915 50325.000 51150.000 825.000 1.639
2488 ABMB MYR 4.020 0.000 500 4.000 2000.000 2010.000 10.000 0.500
6599 AEON MYR 1.460 0.000 15000 1.650 24750.000 21900.000 -2850.000 -11.515
5185 AFFIN MYR 2.190 0.010 23600 2.426 57253.600 51684.000 -5569.600 -9.728
5099 AIRASIA MYR 2.530 0.010 1000 2.450 2450.000 2530.000 80.000 3.265
5014 AIRPORT MYR 7.350 -0.050 200 6.810 1362.000 1470.000 108.000 7.930
1015 AMBANK MYR 4.470 -0.030 1000 4.100 4100.000 4470.000 370.000 9.024
6351 AMWAY MYR 6.030 -0.020 1100 6.959 7654.900 6633.000 -1021.900 -13.350
6399 ASTRO MYR 1.490 -0.010 30000 1.639 49170.000 44700.000 -4470.000 -9.091
4162 BAT MYR 36.600 - 1000 33.720 33720.000 36600.000 2880.000 8.541
5190 BENALEC MYR 0.210 -0.005 60000 0.280 16800.000 12600.000 -4200.000 -25.000
5258 BIMB MYR 4.650 0.050 500 4.670 2335.000 2325.000 -10.000 -0.428
1562 BJTOTO MYR 2.580 -0.040 40071 2.688 107710.848 103383.180 -4327.668 -4.018
5254 BPLANT MYR 0.810 0.010 53200 0.928 49369.600 43092.000 -6277.600 -12.716
2771 BSTEAD MYR 1.380 0.100 265000 1.805 478325.000 365700.000 -112625.000 -23.546
1818 BURSA MYR 6.930 0.000 1000 6.800 6800.000 6930.000 130.000 1.912
7174 CAB MYR 0.600 0.010 1000 0.570 570.000 600.000 30.000 5.263
7076 CBIP MYR 1.140 0.010 67000 1.341 89847.000 76380.000 -13467.000 -14.989
2925 CCB MYR 1.480 -0.010 14000 1.743 24402.000 20720.000 -3682.000 -15.089
5797 CHOOBEE MYR 1.640 0.000 1000 1.600 1600.000 1640.000 40.000 2.500
1023 CIMB MYR 5.210 -0.040 500 5.230 2615.000 2605.000 -10.000 -0.382
7117 CJCEN MYR 0.435 0.000 135000 0.540 72900.000 58725.000 -14175.000 -19.444
2852 CMSB MYR 3.480 -0.030 8000 2.010 16080.000 27840.000 11760.000 73.134
5094 CSCSTEL MYR 1.110 -0.010 15000 1.180 17700.000 16650.000 -1050.000 -5.932
5253 ECONBHD MYR 0.685 0.000 25000 0.610 15250.000 17125.000 1875.000 12.295
5208 EITA MYR 1.340 - 35300 1.201 42395.300 47302.000 4906.700 11.574
5101 EVERGRN MYR 0.395 0.005 123000 0.436 53628.000 48585.000 -5043.000 -9.404
5222 FGV MYR 1.300 -0.010 320000 1.432 458240.000 416000.000 -42240.000 -9.218
5209 GASMSIA MYR 2.880 - 21000 2.207 46347.000 60480.000 14133.000 30.494
4715 GENM MYR 3.200 -0.010 1000 3.090 3090.000 3200.000 110.000 3.560
5020 GLOMAC MYR 0.375 -0.005 105000 0.443 46515.000 39375.000 -7140.000 -15.350
5168 HARTA MYR 5.100 -0.050 1000 4.740 4740.000 5100.000 360.000 7.595
3255 HEIM MYR 24.280 -0.060 100 24.580 2458.000 2428.000 -30.000 -1.221
5095 HEVEA MYR 0.720 0.020 25000 0.660 16500.000 18000.000 1500.000 9.091
5819 HLBANK MYR 19.980 -0.040 100 20.060 2006.000 1998.000 -8.000 -0.399
5160 HOMERIZ MYR 0.600 0.005 2000 0.600 1200.000 1200.000 0.000 0.000
6238 HSL MYR 1.480 - 1000 1.500 1500.000 1480.000 -20.000 -1.333
5024 HUPSENG MYR 0.995 0.005 10000 1.020 10200.000 9950.000 -250.000 -2.451
5108 ICAP MYR 2.380 - 7000 2.400 16800.000 16660.000 -140.000 -0.833
5225 IHH MYR 5.490 -0.120 300 5.500 1650.000 1647.000 -3.000 -0.182
3336 IJM MYR 2.310 0.010 17000 1.766 30022.000 39270.000 9248.000 30.804
5249 IOIPG MYR 1.360 0.010 22000 1.485 32670.000 29920.000 -2750.000 -8.418
5107 IQGROUP MYR 1.140 0.000 22000 1.460 32120.000 25080.000 -7040.000 -21.918
5161 JCY MYR 0.200 0.000 200000 0.243 48600.000 40000.000 -8600.000 -17.695
5247 KAREX MYR 0.570 -0.010 40000 0.410 16400.000 22800.000 6400.000 39.024
7216 KAWAN MYR 1.680 0.100 1000 1.600 1600.000 1680.000 80.000 5.000
6491 KFIMA MYR 1.650 0.000 25000 1.682 42050.000 41250.000 -800.000 -1.902
5171 KIMLUN MYR 1.390 -0.010 1000 1.290 1290.000 1390.000 100.000 7.752
7153 KOSSAN MYR 3.690 -0.050 500 3.520 1760.000 1845.000 85.000 4.830
5038 KSL MYR 0.875 -0.005 52000 0.855 44460.000 45500.000 1040.000 2.339
3794 LAFMSIA MYR 3.170 0.160 5000 1.830 9150.000 15850.000 6700.000 73.224
5789 LBS MYR 0.620 -0.005 2000 0.600 1200.000 1240.000 40.000 3.333
5284 LCTITAN MYR 4.020 0.020 4000 4.280 17120.000 16080.000 -1040.000 -6.075
7126 LONBISC MYR 0.335 -0.005 4000 0.350 1400.000 1340.000 -60.000 -4.286
3859 MAGNUM MYR 2.400 0.020 25000 2.117 52925.000 60000.000 7075.000 13.368
8583 MAHSING MYR 0.940 -0.005 15000 1.060 15900.000 14100.000 -1800.000 -11.321
5264 MALAKOF MYR 0.900 -0.005 100000 1.326 132600.000 90000.000 -42600.000 -32.127
6181 MALTON MYR 0.625 0.010 85000 0.546 46410.000 53125.000 6715.000 14.469
1155 MAYBANK MYR 9.150 0.010 200 9.200 1840.000 1830.000 -10.000 -0.543
1171 MBSB MYR 0.990 0.010 46000 0.843 38778.000 45540.000 6762.000 17.438
4502 MEDIA MYR 0.490 0.005 30000 0.925 27750.000 14700.000 -13050.000 -47.027
5090 MEDIAC MYR 0.210 0.000 94000 0.578 54332.000 19740.000 -34592.000 -63.668
3662 MFLOUR MYR 0.765 -0.010 15000 1.151 17265.000 11475.000 -5790.000 -33.536
6114 MKH MYR 1.390 0.000 62500 1.397 87312.500 86875.000 -437.500 -0.501
2194 MMCCORP MYR 1.110 -0.020 90000 1.031 92790.000 99900.000 7110.000 7.662
5237 MPHBCAP MYR 1.100 0.010 100000 1.129 112900.000 110000.000 -2900.000 -2.569
5202 MSM MYR 1.670 0.050 9800 1.510 14798.000 16366.000 1568.000 10.596
0083 NOTION MYR 0.590 0.000 342049 0.505 172734.745 201808.910 29074.165 16.832
0083WC NOTION-WC MYR 0.245 - 34204 0.000 0.000 8379.980 8379.980 0.000
0172 OCK MYR 0.555 -0.005 2000 0.550 1100.000 1110.000 10.000 0.909
7107 OFI MYR 0.820 - 15600 0.805 12558.000 12792.000 234.000 1.863
7140 OKA MYR 0.720 0.000 2000 0.655 1310.000 1440.000 130.000 9.924
5053 OSK MYR 0.980 -0.015 15000 1.000 15000.000 14700.000 -300.000 -2.000
5125 PANTECH MYR 0.575 0.000 82 0.483 39.606 47.150 7.544 19.048
5125WB PANTECH-WB MYR 0.145 0.000 40 0.000 0.000 5.800 5.800 0.000
1295 PBBANK MYR 22.600 -0.040 100 22.660 2266.000 2260.000 -6.000 -0.265
7081 PHARMA MYR 2.320 0.020 6000 2.350 14100.000 13920.000 -180.000 -1.277
7095 PIE MYR 1.590 -0.020 11000 1.370 15070.000 17490.000 2420.000 16.058
8869 PMETAL MYR 4.700 -0.010 300 4.450 1335.000 1410.000 75.000 5.618
4634 POS MYR 1.880 0.000 16000 1.925 30800.000 30080.000 -720.000 -2.338
4065 PPB MYR 18.780 0.060 100 18.680 1868.000 1878.000 10.000 0.535
8966 PRLEXUS MYR 0.570 0.010 25000 0.580 14500.000 14250.000 -250.000 -1.724
7237 PWROOT MYR 1.280 0.010 14400 1.092 15724.800 18432.000 2707.200 17.216
7237WA PWROOT-WA MYR 0.275 - 2400 0.000 0.000 660.000 660.000 0.000
1066 RHBBANK MYR 5.830 0.040 1000 4.860 4860.000 5830.000 970.000 19.959
7247 SCGM MYR 0.980 -0.015 27000 1.148 30996.000 26460.000 -4536.000 -14.634
2224 SDRED MYR 0.690 - 42300 0.723 30582.900 29187.000 -1395.900 -4.564
7246 SIGN MYR 0.550 0.020 2000 0.500 1000.000 1100.000 100.000 10.000
4197 SIME MYR 2.350 0.000 15000 2.367 35505.000 35250.000 -255.000 -0.718
7103 SPRITZER MYR 2.230 0.030 500 2.180 1090.000 1115.000 25.000 2.294
6084 STAR MYR 0.700 -0.020 70000 1.044 73080.000 49000.000 -24080.000 -32.950
6521 SURIA MYR 1.420 - 84000 1.365 114660.000 119280.000 4620.000 4.029
4405 TCHONG MYR 1.600 - 25000 2.282 57050.000 40000.000 -17050.000 -29.886
7200 TEKSENG MYR 0.235 - 75000 0.350 26250.000 17625.000 -8625.000 -32.857
5112 THPLANT MYR 0.550 0.020 50000 0.836 41800.000 27500.000 -14300.000 -34.211
5031 TIMECOM MYR 9.050 - 200 8.970 1794.000 1810.000 16.000 0.892
4863 TM MYR 2.850 0.020 36000 3.102 111672.000 102600.000 -9072.000 -8.124
7113 TOPGLOV MYR 4.790 -0.010 300 4.480 1344.000 1437.000 93.000 6.920
5230 TUNEPRO MYR 0.700 0.000 50000 0.772 38600.000 35000.000 -3600.000 -9.326
7100 UCHITEC MYR 2.830 - 1000 2.780 2780.000 2830.000 50.000 1.799
7133 ULICORP MYR 0.650 0.010 133000 0.507 67431.000 86450.000 19019.000 28.205
7091 UNIMECH MYR 1.100 0.000 50 1.110 55.500 55.000 -0.500 -0.901
5162 VSTECS MYR 1.010 0.000 67000 1.031 69077.000 67670.000 -1407.000 -2.037
9679 WCT MYR 1.110 0.030 20000 0.810 16200.000 22200.000 6000.000 37.037
4677 YTL MYR 1.210 -0.010 25000 1.029 25725.000 30250.000 4525.000 17.590
6742 YTLPOWR MYR 0.900 -0.005 35000 0.856 29960.000 31500.000 1540.000 5.140
5131 ZHULIAN MYR 1.450 - 64000 2.125 136000.000 92800.000 -43200.000 -31.765

